
#    x        y        Cp  
   1.00000  0.00126  0.43496
   0.99388  0.00264  0.25056
   0.98319  0.00502  0.17036
   0.97071  0.00775  0.10607
   0.95673  0.01077  0.05271
   0.94172  0.01394  0.00439
   0.92608  0.01718 -0.03759
   0.91012  0.02042 -0.07725
   0.89398  0.02362 -0.11252
   0.87776  0.02677 -0.14667
   0.86148  0.02987 -0.17844
   0.84517  0.03290 -0.20928
   0.82883  0.03586 -0.23834
   0.81249  0.03876 -0.26707
   0.79612  0.04159 -0.29439
   0.77975  0.04436 -0.32178
   0.76336  0.04705 -0.34854
   0.74697  0.04969 -0.37496
   0.73057  0.05225 -0.40128
   0.71416  0.05475 -0.42701
   0.69775  0.05717 -0.45342
   0.68133  0.05953 -0.47941
   0.66492  0.06181 -0.50581
   0.64850  0.06402 -0.53191
   0.63208  0.06616 -0.55869
   0.61567  0.06823 -0.58558
   0.59926  0.07021 -0.61268
   0.58285  0.07212 -0.64059
   0.56645  0.07395 -0.66870
   0.55006  0.07569 -0.69745
   0.53368  0.07735 -0.72680
   0.51732  0.07892 -0.75683
   0.50096  0.08041 -0.78770
   0.48462  0.08180 -0.81966
   0.46830  0.08309 -0.85236
   0.45200  0.08429 -0.88632
   0.43573  0.08538 -0.92124
   0.41948  0.08637 -0.95829
   0.40326  0.08725 -0.99651
   0.38708  0.08802 -1.03671
   0.37093  0.08867 -1.07955
   0.35485  0.08920 -1.12505
   0.33884  0.08960 -1.17445
   0.32294  0.08987 -1.22953
   0.30724  0.09000 -1.29327
   0.29185  0.08998 -1.38179
   0.27678  0.08971 -1.44617
   0.26188  0.08919 -1.50306
   0.24711  0.08840 -1.55623
   0.23246  0.08736 -1.60510
   0.21791  0.08605 -1.65302
   0.20348  0.08447 -1.69826
   0.18918  0.08261 -1.74263
   0.17503  0.08048 -1.78598
   0.16105  0.07808 -1.82887
   0.14728  0.07540 -1.87161
   0.13376  0.07244 -1.91519
   0.12054  0.06922 -1.95980
   0.10772  0.06576 -2.00650
   0.09539  0.06207 -2.05598
   0.08368  0.05823 -2.10912
   0.07273  0.05428 -2.16690
   0.06270  0.05031 -2.22971
   0.05368  0.04641 -2.29769
   0.04571  0.04265 -2.36984
   0.03876  0.03909 -2.44716
   0.03275  0.03573 -2.52893
   0.02756  0.03259 -2.61255
   0.02309  0.02965 -2.69954
   0.01922  0.02689 -2.78941
   0.01587  0.02428 -2.87879
   0.01296  0.02180 -2.96675
   0.01043  0.01944 -3.05394
   0.00824  0.01716 -3.12998
   0.00634  0.01496 -3.19845
   0.00472  0.01282 -3.24359
   0.00335  0.01072 -3.25967
   0.00222  0.00867 -3.23022
   0.00133  0.00666 -3.13755
   0.00067  0.00469 -2.96904
   0.00023  0.00276 -2.71066
   0.00002  0.00088 -2.36629
   0.00003 -0.00094 -1.96662
   0.00026 -0.00279 -1.49574
   0.00074 -0.00465 -0.97696
   0.00151 -0.00650 -0.45506
   0.00256 -0.00831  0.00942
   0.00390 -0.01005  0.37906
   0.00551 -0.01171  0.64426
   0.00739 -0.01329  0.82092
   0.00955 -0.01479  0.92567
   0.01200 -0.01622  0.98035
   0.01475 -0.01760  0.99934
   0.01784 -0.01892  0.99445
   0.02132 -0.02019  0.97365
   0.02526 -0.02143  0.94241
   0.02973 -0.02263  0.90445
   0.03485 -0.02381  0.86238
   0.04075 -0.02494  0.81812
   0.04760 -0.02604  0.77285
   0.05555 -0.02708  0.72784
   0.06478 -0.02805  0.68422
   0.07539 -0.02890  0.64298
   0.08737 -0.02962  0.60539
   0.10060 -0.03018  0.57174
   0.11486 -0.03058  0.54256
   0.12994 -0.03083  0.51726
   0.14561 -0.03094  0.49565
   0.16173 -0.03095  0.47705
   0.17818 -0.03088  0.46054
   0.19487 -0.03075  0.44603
   0.21174 -0.03060  0.43261
   0.22869 -0.03044  0.42003
   0.24563 -0.03028  0.40796
   0.26251 -0.03015  0.39549
   0.27932 -0.03006  0.38229
   0.29605 -0.03002  0.36582
   0.31270 -0.02999  0.34474
   0.32930 -0.02988  0.33137
   0.34591 -0.02970  0.32017
   0.36254 -0.02944  0.31051
   0.37921 -0.02912  0.30185
   0.39591 -0.02874  0.29431
   0.41266 -0.02831  0.28776
   0.42944 -0.02783  0.28163
   0.44626 -0.02731  0.27596
   0.46310 -0.02674  0.27107
   0.47998 -0.02614  0.26652
   0.49688 -0.02551  0.26237
   0.51381 -0.02485  0.25845
   0.53076 -0.02416  0.25501
   0.54773 -0.02345  0.25140
   0.56472 -0.02272  0.24860
   0.58173 -0.02197  0.24541
   0.59876 -0.02120  0.24307
   0.61580 -0.02042  0.24040
   0.63285 -0.01963  0.23771
   0.64991 -0.01883  0.23561
   0.66699 -0.01802  0.23335
   0.68407 -0.01720  0.23173
   0.70116 -0.01638  0.22912
   0.71826 -0.01555  0.22795
   0.73536 -0.01472  0.22550
   0.75247 -0.01388  0.22461
   0.76958 -0.01304  0.22318
   0.78668 -0.01220  0.22140
   0.80379 -0.01135  0.22106
   0.82089 -0.01050  0.21987
   0.83799 -0.00965  0.21965
   0.85508 -0.00879  0.21980
   0.87215 -0.00793  0.22035
   0.88917 -0.00707  0.22199
   0.90611 -0.00621  0.22342
   0.92289 -0.00534  0.22826
   0.93931 -0.00449  0.23316
   0.95508 -0.00367  0.24244
   0.96971 -0.00289  0.25547
   0.98269 -0.00220  0.27741
   0.99372 -0.00160  0.31314
   1.00000 -0.00126  0.43496
